$ANSIBLE_VAULT;1.1;AES256
64326331366365353533653361353363316663396131393132623661616338386232333165613366
3865663036643463643965353639663265306363313262390a663865623663363932633961353862
33653765376136326534636234306434323966323130356534353265303466373138663564303364
6564323432373838330a363462626566326631353333626263326665346162653734643466363536
37636435323864343531623434383233383334613232653563346538346634326639323035646139
30653336383163383230326533633663643235663030623338373632623838333163316435636365
32663463346236613734373534613839306532386539363738343630393064373164653235373737
66343930356565613165386632633462633066653631333161313032626335323034336363363536
31383931353866613039313265316464313864663065623037383135663931376638353733333232
38636133626539646462353835366631366439333636653732613066373465356131326132323861
30366430666637353533656333383239323939313134313365383865373539333966643435643565
39343462633437386435363235383234616233666434333138636139303934653436613634303831
37653032363639306635313165386637356532386534666662663139636135326431306534623931
32303432663133323732316262633033363834316261646135366564623930343235666137666538
34353564336135626136363066373764373031396436383836333966636432306334636433633166
65646434626231363535343861306238386239653831393434343135393566363231366330306631
36353539356362616166653239633865633035353262313963303130313061356137333236616230
64613765353663616130366361666138666436343430303233376164313731613132366635653965
32616564313532356561356433616463303765316164623263373836376464313239306262633463
34366461663266303432356231613532373936326562643637333861333230353664633836386539
61376231386362613731623332616565643661373761303633653265663539346164386532353232
39633035666439623630323432383638393636613631356263393362363161303161386139356562
34306630346538363962363963303062396265373634333231306139653233623866646332376335
63323463393764343463616637393763343365623639333264363436313766313465636366396336
62326334393534326336376232663032646263333336356265366236646234366664323730383238
36636161336534393239633362353163656237636165663638663562393037303839333562333461
63376639346630623837366233373032306530323265313936623435356465333033386431306464
61643839386566373963663934653963623834633063663466316663333265366139626331313234
31646362666238663165646331643238356363326263653435666264336633386535373866343734
39323066613263626463623130383431396164346161613366376533643161353035616431346632
36303365386339326162353236316465613536653732333336316138386636666230333635363835
65303561333064346235373338336664346266393736316531653531656438656236373030626661
62393634656636646331616366376432616331666437323563363936336539313432336332313965
61356334626533323263386533633931656635613231373061366236386133356132333539396133
65643638303535346331353966616562356537363665333038356339623034633834306532623039
32333532653036633437613333646437373339373739626433383763393536323766613130656366
65356661366537616365366531373866613639633234636330326465343131353231313039663263
34653532643934633466383134393634306462373762366462323534326436336533616539386134
37316232633338313737306438343530323133363631623864323738363163356635386664396432
66613132386639393834656631653465373865323762656533386535386265353132363064313436
34353937663763303761326438336164623861626263366237313631633835346334653539343739
65666266613964343531613839643461303465303730316135666436643538333430643935376533
31336562303466313864616361373161383066393335343539363665656233396438666666396237
37303734376430353863343265323230646662663365353164353036623236626435303463653732
61363538396465616566663962373332656266613434303963326433663730383330333366613863
30333466383438623265393532656263616261383261346263643234366235306461306635643135
63323037396361386333666364623430346238616436653532646334353830316230643835373131
36353239353765356162363166663239383339333236386363626463633466366438616630323265
36306433386666663736323438333930663465306635336438623334626536383630336437376461
39633435313134643331393564616532656231373136646166363364643334626564373637383564
39336533326335306434306564303034363538366431623439336338653362323162316366653235
39623737326434653833306336323663623661646262626232373935333836333662303032346461
66323032353234376133663262656264333864356233323362653231383639646635313731386262
33396237643463343534656539646534303437343863633134643761633666393832376235656464
37303961393437633034323264633065313264643738316334346337366439323034653431353732
38333061623233393332343433663462336638343330656261393537626132316466356165623531
62356430326266663338343439333739663561306534336131336235623533616664616563373433
66326632666162303265333864353632316632306261383166313339653532623932306136383633
37393466646634346335616362303431363832396564346161643362383231326162303632633736
37373236383133363464363161333061363237643833613162626365663366653939363766356335
64323461666661646232643165383362633331353932633336376233646530383533393336636665
30313132353333363631303137656434633430343933626561393331653663386461396633653635
66653962316634326339363532656130653364623336326162323164386538323636333362333930
33333834333135333761323039656364306537663065636631636139623965633737623130343331
35316132363239363264386634633532663764343262396664373138363161643063393134616439
63353535333739303132313064646631346336646463383233313539326264343039333736373639
39616530323836336333666364636361663836643064303339346337346466353561336462363833
61303031626638346163656338343933613764303432343566353539373936613831323338393262
35626433613130646630323730333539653763376631393539346263653437643032623563386361
39376530363138616639333436353734343333313637373461306162626365333331323863666439
62396639396364633837386130353638396336646264303039303831633531383833313865373139
63356465393764313063366135373561666563356466653332376639653932333261356237373835
66323935633961303738363033633937393436613730343136626137326663656530393239353964
35343762653939633163366436343039613334303666653363323931333131373535623330613738
63373434313334376166656266376230353439356565653339363330333665363336333238616331
35313634306466376433386164386664646638623130643131373064323838623538393636616230
65613537363365376633333233336435336435306436303232376462396336346137653136616436
39303763613135393137656136303232303239363432636138616537336465323061393033353766
39353066633366353264666137383363396639356463363835656436323339643666663761333766
38313962646530316235626365663735316161373863373962613231333031386231353061393839
30393638356133316230663966626630663766366166653265386438363461306238373364636132
62383934373633656665356332643634316663653931303866653763643433653565623462663837
36336435633261303465353163393138623334613035656337643735373335363537343837626437
37363963346134326137336537386264353533653539376138663661326430353737633139663137
66633830323164656531353534623464343366666335633866383665663630643638343066393531
64633139343636383830643538323733323737356561613463346366303935343235633562313766
65356239306164363865326230303036303633323430313338356339323536643163316664393862
37356132393063396664333538346430663036616664663330303436323938333861663535623737
62386235313866386334303865653435376538336531333662353531653365633832646665353039
32373131383566323437323233363665343830346431303036326263646161643236343465616130
31336566303636653933396662613966326533373737313931623564363939316434623666353932
61636534366361656136623766616164393662326363383734613661633033643333363934366433
63393439303735393063303634643230643734336566336466363335633265646663316330316363
63636365643133623038383866333563663135333731396461393031306337313332663931343737
37366430663466383266613237343837323932366232336537326532386132666632623439376433
35653939363634613266646234626162623531383861636665303236323566303031336262333338
62383335613665313930356632616265376530623063313130366262326233393062323235636363
31383032376465326431633932373539656433373337663839353364303966396433313033333264
31363935343835346330613334633465663764396339366563306236346634316136356232636132
61313930303533663936663938373532316637376465376232623132653264663738373238353266
66313833623131623764323531373161636662656634303335393236373033613039613633373663
62613863616338366635633565613239323338303931653162326531336436373931346363653665
39616431303537353830373530376630326636383566636664326664393130303162393032366332
66646435343131326534653166316461383864646230303738636262363933636166643835613537
62623737656636303861373033653362363036663333663761346163633834663532616536666435
35386237353365363035363238356238383365373462376362613632613666623630323435656532
38613930636362623764323838656166326462636339336530626533343965323463623562393132
30366366346235356136623561393632616631656365383733616430626539656366386463383531
37663431373238366233646461386130396434633438356433613838393835333335346266656338
33333332366564653032313232336663336162333163643661316364643562656464323031633763
30636232343630383663373362386131623436643531666264656131646662383431306163636539
36663463613035316264333934646161373632386439663430663537633232643064633966626637
30393661323064353465363433316365373631646565636332363662643636653533313464373533
31383039316138663539393137653664366532313632666136346537333835663063316561393430
61653439386464613165643762376361626230333665306438393130336438313166333564313432
64666261313834656233623938666438343331323662326365326636336330643162613862326563
63346264373064616332353538366163636332366139313631386166313532316436306564323735
33316433623763613933636437653432356536376466646236356165613066663131316663383239
35316137323039613035633731643565313334396631623930306438643233616636346438326532
39666131346162616338326266396237646164396365343761353034396437383765623666323565
37343666356335386563636162636337333133633939353331613133613338326661316535623761
33633061333938636639356361376361656166663535383264626365346539383639373266663236
30643139343637353933326662383631636139333334316632373265663335323433623866643530
63316334643631623462633038636661366561646531303837613330313862393966653034363363
36393632333934356236346361373735306266626238303939666634393564363833373262356430
64633137393062626434363539373364376466363761616532393761353634663562643530366430
37353735306665643166666238353266306339616366643263643365633238343465323665326365
35643432663131353739666630346433646663316361373833346165323633303230663462303534
38663839663934316165363366663961303066363534616361623632613966356332623932366433
30633034636530383835326361656332336234383665623735343361306231383636376534306366
39333336366563373235613462656230393862353638306161393132646533643835663231336237
39616634393537363737363532393439303632323262306463626232633633326637663263383365
63613863656234393163373562653833383836376139663830386561656631313437376465393531
32323838303963663736626265326461663337653632636236333166633732636261616233383333
63663934316461353232353462386636323738333866666634616565656662393233396635393830
31393265626331326237356562393335613238383537613136626666373738326330646639383465
62326163633833636235333231306136376139656330643762656166366337666338343863336235
39666366383635633737396462306161386638363535633631373064346565613062396663626130
65616234643732393639363763633666386430353235396164363638313736303932376336353266
61643932313032653961623838633864346462643034313034326634633761653330666265666263
37383731653736646238353535363634396334323935666631313763396439316631386633343830
64303862623634333836663562643430383539633539356366653163383639323538353433373130
37303562386265353761323131633436663635663130376339613835616665623066363663616134
30373131376162646436316465626639386265633065626434343732393638666632623336306133
36376661383330363730386261363436393536376163383932346231303933333935346638346631
31383631616332333635613332303636623439343935623034373164386137653630363162366339
66663231633038323265353666323162666164633832343136333234363930383332373661393234
34643064613431393764386539663862313463303737333432313862646339626331626334653035
34346334653265613632386437666665383063353633383138626233623331393139393433366330
65346262363430333037393630383936623263323663663264336235626165653235353331633132
64613038643233653764313965386639326233356130316361323431666533376464663530316437
63346162303631376432666261643561646537616136336334393836616439346266323262333662
37656265376535366539386565663130303439363735393464323031313532386165323933633735
64653061313131653366626636333736653138313539613362656235663035376537663365336538
33636534613061616239626530656166376661626562306332356335313038336631623132363965
39373932323836626262323930633135613164623432326230396431653038333062313465633933
35633535646462366266656263373566366535366363326162363339356461343939656239663439
32633134376264373062363465383735636330383339316637653132656163373961653130653237
32346333306535366134323334393536353633636434663066336635613365316666616564343461
33303732396436386166653631333430633038386432336634326330633866336134373738313534
62656265353266383632316465653066333333643236353461356133306435353861373734626432
63363233343432313933383336373661643939616361323861663563373662393065353933333531
33333133383465383835313162303362653766626263613764616535313238663962636362643061
36636535663863323566633233396665383465383136353533383734656635663265666336373633
66376438363539383832376138336538616432303062633839646662386535343432666634653839
36633033386532633637383361653161393165313336653363633032343336613036303634316561
36646136383138323431383030386431326664336363323731333362346465663338303637303433
36316662316537646461306461653930313761336630313064653464323138343565376232663039
31646437313730633266336433363765656266663561376436386137633635373834616566663538
65646638393866393265633338663831376262383832363039613431396432323530613462326636
32346164393834323766383934393031626230396137336336383863653365323863333464366231
62633031343635356337336637326264636139633133616430363064623937383739316433373961
34376364333536616535666232616235613938386135643361613062343137626363656433323038
34313061333233333962326337393030386664356136663037623034306263383734306630373361
32353165343665623965346565343832313531393066333637613334313536313436383639623564
38656362643333323537383730623931343937323133313631393330326538316433306539393133
38636563633839316138633061356230623339373632373132643264316665346539356361333064
39393732653737663766623262303563643331313361303333323030666537336237366330663339
62643237656166326239393435386434386165366635383765366634343566366630653939363736
33343238303934376564666662623766646334313462306135373939343031323432633135393530
32656630643734616131636265393431633530643933373635393065346236653763383239383063
63306434343339326464373032393532393464303361373232373837666165303665633533643065
34353339653362653732376634626531623030393338373934383636623364616438666531643332
34393139356636623837646664653337616465613862386563626465636263303335636230383666
31343132373836663764356633396139393332623066306231333865626462646330373332366436
30313566623038313463666336383165363931363830386538303935336537316333633635363234
66613036396166373463376138323061653861356234393437653439656538623730323731333863
64333431363761333730366335383730636263343132646561386565663438633231613561316436
37393331613733326665626335613163613737663465626534386139373733333565366330653136
32623830383632333132643634393936363062616230653230633862323231333530393734616339
62353339643037326261363030656563323635646664613466663034366635653331333036346230
66656164393665363838616164333563323230643534646237313937346538376134336463643866
64663434393730326536323962613263306164353938653861663965643739326365386635313866
62393336623433396537303664356136373165373930323864626664633234643566303634636261
62656636316262643938316334373065323934613831373835643837633534633234636339666466
37343763613965383232333465343032616361623762323362626539396234363537333432313365
61323230333736646466386264663165663165636461613365323734643932666261396639643137
31336665633265613631346339366530663564656535306666626431323532373434376432383563
62323061333639333163616563653763666335323562623239313536376331396338383935376330
37323162646231316163633037633463306363626334323438663232323538376461663962323338
33303334656638326134363331353130346638363738373363663330393632623731383438663561
65626334313961656632333030643838653662346131336432623534636133323631343435373966
34323861313638346566303637656334343330643439383839353562383265656538323063313561
33623066623865653332313431323063363763663737373332373262343762393333313362623563
63316538396434636162373962343539653138326139303831353965353136633531396163386362
64383462333833323031333931303166376463613361643563376163376362306236363262393631
33323164373638613863393133366333646166643265633530333338313461663061316430366361
34643637343537626431316332353735333863623434623161333730656664306462303862663134
36623733353630323339306564316230343561313666326264666435393533373731363430626135
30363335633031633631323666653031356430326165366539663366613765613734646464333165
32633864373934366637306236323335633832333661366335663635383935366462383333386630
63643766386231633737663764396263346633623763646334646435326232623665373063336433
30303561326137636536303361313664636266643462396264343565623831303766613439313062
66623563323530656530656132333761623065613938383466336138383733393934386539633862
37626537663539393837333935613463343765396330633561313165306339373638663565383762
39376138396535313134653964353833316232346639623636633765646536393865306235376334
64636536393030303036333364396131396431336432336366653361393631336336613037353061
34396636333737366530646132656364653062643431626265303562303864306634336330646566
65353630656265333461316463336336313836653134633938353762313238633039383330376461
36306465383563383038363336626431623137636165653937383235626264386463303432303766
30383436386331323863373237633662396630386137346437393663666664383035333361336230
32353365366462336537363735616533343062663937363963343137656537636639613866353835
65656464666161613435363363636565663662306263623738616536356635313731333232613937
36386437376364643535613831313531313834363838633265303661356462303965323233653461
65613736316230633163643830336639336639373864653633316132653561346534643031306633
62613230663138356332643833333834653030333763326463306665333132633130356438376162
35316562396434643865373433316537333738373037663061393434343534646236396261656266
64623935353633656261386136323164323938373663376531626431373338353164353865373463
30363965306362376531366433333937363064623532313665383535353364653231623538346137
34633266313933323133393162336335303339623732303464646238383633653361366438646332
64333135346231393936666538373162633332323133646534303533656163666434646363333263
66323661376662316465653866386339383032333465336336306637373761626430353335356339
30633534653539663434373462383532656437396133653236633336616664343934663832616130
34353061326536366433346332303737366164313361363536623134643662376338316466323931
30653361663837616165633136623366643963616366323964353136656130373964366261353263
34666264613761333834393039316236353865356631333135363536353334613461623332303765
36396633356630646132306636646365306262666266306337356163616331383732616265333435
36326431633664376235323933373432336462383339316264303864373332623639353165643663
37626266383866323239356138656239643065643332383732643161373639313730383636623537
30646233623438623935656439303435376538396337653832386639313961313731303430343837
65616137313836613836383462643738343165303531613862356465366333636637333364623333
38636262303038313037343164363930343439306136353230323865333664373931366430323066
34663363333236316435323132326133386435643130623665326163376662313366663263366465
64326630306330636666313538346337663432333539316332333632316332636466353635363630
65303633616533643833313962666563623236623032313539323936373033376234663766613763
38623566356332333964323562613339306236363238333338613235353266623864666662366131
63643863396263306462353036613866616562623366653338643735646666663461653931326431
61393364363334366533633439626239396465366339316365633932633836306434393433333636
38323665316137613838623061313161353366663437303338383339663634323935353262333035
33656531363030353431653961616633373936333730396638666430316230643561613963616537
63663432343836656430346162326166393839353539316438383834393932353664353366643130
38363236323366333932353164616461353431333364383361333865343235353466383939383736
35373931303333393965346234633234623233323634346537323931613262616136636637663266
35616465393866663164373364353664616330663337313138643636623666356336633036333166
61326265323735373237326439623163313737383238393631346466366639363365613036346437
31313763346564386135386238386635336234313864373964383264386464633638313732336134
61363963656136633863366234336162396462393830613438373234306233633833383237663837
62643262626537346230653633393433393836653734653338366232313232376238303164316239
36646335386334353430363239633436323138343134396337663537313363346434323139636265
36363138303331366638363735316432343732313965653638356562393632363530643835623365
64366239663030646661313139656639323935663331393363656539316131363835336163313838
39303330656266633739373636383032376366323632323061643334336435313863356661306635
32333963653135613839376437363835623938656563653933353430626336353663333538613738
30343939336137653039336361646535323433386336633031663133613839353738633863343862
64386664656162366335663430303966623537666539666436626539626139373238333232666464
64626639373030306633616438373237303261356634396632623761636437393235663563643334
64663731663432306634363431656138666432653262303930303531383137303965646435616532
32313461363561386661396463623164303362636332356435336232643938653132656438336531
62303232373363323434623830326338333064646435373533626436393931366363323861613363
33366231626661323436303938336362376363643965323065653731333034663664326563633639
64653736396530646431643764643066633865316466346362383336333433323664373630373363
62393630353830333366353735343232393063353764343338336563356461623263346533306534
66383863316561646461636462383161343133393736306464333464336633613836383938616564
32643331656231356265316630383164656361666263303864633063643462303339663731313336
63633134303334383365343164376336623562633262313932663435366136613330313966326361
65653334323765366266616364333535343133323462326433366435663966396265386131656131
32613063636665343061393161343738353862353265316430623438636131373839383238323930
34383066633339383631333737666338663064323662303639663766643431393834643034626636
61633835356439303330393366326262623339626437396366373062333165623639333437323431
35343563626265616163
