$ANSIBLE_VAULT;1.1;AES256
35386537336339326535623666383466393361666139346362366139393430323535623266343739
3936313331376130653933626234616531646330306438640a303966646138366536663264643931
39343765626630616563313537663533353837613836356432333431636532613733333131633263
3266646238616237340a616438326231316266336365366564663234306134383434343031643031
63373131396433653938373434363831343433306333656566656239366431656431313431626465
37626566396537383732316134653535326161633463643966663831343138653762343436383531
64366665633636623537656665633435383439666631613462303265373730363438376334353431
35336461343930616666363934633561373434663031313561343136613466396230343831653336
36383461333963633064366238316162626539353163346631613366653131663534663734653930
65666162373639366630656463633136326630356361323134313231633234393764393139346264
35626565613665333434646266363565373662386431343235613533613763333665336361303966
32613835356536383265
